structure(c(0.955506117908788, 0.907563025210084, 0.932363636363636, 
0.928114571746385, 0.951020408163265, 0.983343337334934, 0.937013348164627, 
0.957482993197279, 0.918030391583869, 0.910597826086957, 0.899396058486968, 
0.952684742158426, 0.940786048932847, 0.926222826086956, 0.917527173913044, 
0.877118644067796, 0.935059864653826, 0.956635802469136, 0.940906562847608, 
0.917767106842737, 0.959510869565217, 0.964668367346939, 0.945499707773232, 
0.959483793517407, 0.952002542911634, 0.935956790123457, 0.967984693877551, 
0.91475793857366, 0.943548387096774, 0.921428571428571, 0.896853146853147, 
0.94812440645774, 0.919169169169169, 0.916927549194991, 0.905768208399787, 
0.939516129032258, 0.931632653061225, 0.92489772063121, 0.976001271455817, 
0.967880978865406, 0.953571428571429, 0.936882716049383, 0.929621848739496, 
0.879754754754755, 0.944330800701344, 0.885154880187025, 0.941358024691358, 
0.929471788715486, 0.974722384570427, 0.971509971509972, 0.947619047619048, 
0.94807391983342, 0.941554646405611, 0.95441254651781, 0.949420569773057, 
0.945678271308523, 0.921147540983607, 0.938403781979978, 0.939923469387755, 
0.904464285714286, 0.89390756302521, 0.967577876668786, 0.92962962962963, 
0.947831632653061, 0.952853260869565, 0.897788697788698, 0.950765306122449, 
0.956896551724138, 0.92948717948718, 0.959518970189702, 0.910685805422648, 
0.949129651860744, 0.903703703703704, 0.924751607247224, 0.974972191323693, 
0.949805339265851, 0.953243717124489, 0.927006172839506, 0.932615629984051, 
0.926020408163265, 0.903364849833148, 0.916725105189341, 0.961190855927698, 
0.942671809256662, 0.96440489432703, 0.927027027027027, 0.94325871941697, 
0.934371523915462, 0.939675870348139, 0.925194660734149, 0.92655737704918, 
0.963909994155465, 0.903361344537815, 0.938486265341905, 0.889016393442623, 
0.941919191919192, 0.946522501461134, 0.936240786240786, 0.965049342105263, 
0.949375325351379, 0.949249165739711, 0.911914765906363, 0.939636363636364, 
0.935205784204672, 0.96594387755102, 0.984243697478992, 0.937847608453838, 
0.967309145880574, 0.926797194623027, 0.920652173913044, 0.896535282898919, 
0.952950558213716, 0.954971369078605, 0.934239130434783, 0.93179347826087, 
0.896551724137931, 0.931025507548152, 0.960648148148148, 0.931034482758621, 
0.92421968787515, 0.949728260869565, 0.95765306122449, 0.939655172413793, 
0.959933973589436, 0.954386522568341, 0.935185185185185, 0.964795918367347, 
0.93558042686101, 0.942157953281424, 0.905484693877551, 0.899713922441195, 
0.943376068376068, 0.920045045045045, 0.927437388193202, 0.927299308878256, 
0.935066740823137, 0.924234693877551, 0.91437755698422, 0.97822631913541, 
0.962458286985539, 0.950255102040816, 0.939197530864198, 0.939075630252101, 
0.889389389389389, 0.930303915838691, 0.917007597895967, 0.954178537511871, 
0.924669867947179, 0.967270601987142, 0.975498575498576, 0.940816326530612, 
0.948464341488808, 0.95718877849211, 0.961855396065922, 0.936745533558667, 
0.952280912364946, 0.931311475409836, 0.939238042269188, 0.92219387755102, 
0.922959183673469, 0.915516206482593, 0.96900826446281, 0.936752136752137, 
0.950637755102041, 0.942527173913044, 0.945331695331695, 0.963265306122449, 
0.951751946607342, 0.953561253561254, 0.960027100271003, 0.914540138224349, 
0.96953781512605, 0.920655270655271, 0.934395090590298, 0.972469410456062, 
0.957730812013348, 0.95718877849211, 0.927623456790123, 0.92902711323764, 
0.930867346938775, 0.924082313681869, 0.92601683029453, 0.962519936204147, 
0.953366058906031, 0.967185761957731, 0.913636363636364, 0.936361270171785, 
0.952030033370412, 0.944927971188475, 0.927280311457175, 0.941475409836066, 
0.96478667445938, 0.929771908763505, 0.94447691408533, 0.894426229508197, 
0.948830409356725, 0.949152542372881, 0.942997542997543, 0.958470394736842, 
0.950416449765747, 0.951056729699666, 0.918667466986795, 0.926545454545455, 
0.927558398220245, 0.968239795918367, 0.987845138055222, 0.934649610678532, 
0.971466364323507, 0.930011689070719, 0.906657608695652, 0.917355371900826, 
0.953216374269006, 0.953669963560645, 0.928940217391304, 0.922146739130435, 
0.883109292811222, 0.934018740239459, 0.961574074074074, 0.952308120133482, 
0.915366146458583, 0.948777173913044, 0.955357142857143, 0.945791934541204, 
0.959333733493397, 0.95518118245391, 0.939197530864198, 0.964158163265306, 
0.920614263404477, 0.953420467185762, 0.933418367346939, 0.898442466624285, 
0.944919278252612, 0.911661661661662, 0.921176207513417, 0.92331206804891, 
0.936457174638487, 0.922959183673469, 0.920514319111631, 0.984742530197076, 
0.966490545050056, 0.961862244897959, 0.939506172839506, 0.94312725090036, 
0.896146146146146, 0.938486265341905, 0.927819988310929, 0.956315289648623, 
0.929171668667467, 0.967270601987142, 0.975498575498576, 0.949659863945578, 
0.949765747006767, 0.961864406779661, 0.958266879319511, 0.930830516658619, 
0.9546818727491, 0.930327868852459, 0.956896551724138, 0.933928571428571, 
0.928954081632653, 0.926320528211285, 0.967418944691672, 0.931339031339031, 
0.945408163265306, 0.963858695652174, 0.934643734643735, 0.959821428571429, 
0.950500556173526, 0.955982905982906, 0.958841463414634, 0.908426368952685, 
0.971788715486194, 0.926210826210826, 0.936440677966102, 0.969132369299221, 
0.957174638487208, 0.961864406779661, 0.936265432098765, 0.933147262094631, 
0.925382653061224, 0.919076751946607, 0.917601683029453, 0.955342902711324, 
0.939516129032258, 0.96329254727475, 0.938697788697789, 0.945991671004685, 
0.943965517241379, 0.956632653061224, 0.931034482758621, 0.940163934426229, 
0.964202220923437, 0.917917166866747, 0.941262419637639, 0.890491803278688, 
0.934343434343434, 0.939070718877849, 0.942260442260442, 0.963815789473684, 
0.953930244664237, 0.954532814238042, 0.913265306122449, 0.926727272727273, 
0.931451612903226, 0.966836734693878, 0.981842737094838, 0.939655172413793, 
0.970710506424792, 0.926212741087084, 0.91616847826087, 0.903846153846154, 
0.967304625199362, 0.95223841749089, 0.936684782608696, 0.930434782608696, 
0.878287551139684, 0.935840707964602, 0.961882716049383, 0.94730255839822, 
0.921068427370948, 0.94633152173913, 0.958290816326531, 0.9437463471654, 
0.960834333733493, 0.950254291163382, 0.937654320987654, 0.963647959183673, 
0.921264966163457, 0.940628476084538, 0.924489795918367, 0.903528289891926, 
0.947293447293447, 0.911036036036036, 0.922853309481216, 0.916267942583732, 
0.919493882091212, 0.926020408163265, 0.928696668614845, 0.984583598219962, 
0.974416017797553, 0.960076530612245, 0.94320987654321, 0.946728691476591, 
0.892642642642643, 0.939216832261835, 0.934541203974284, 0.949430199430199, 
0.946128451380552, 0.968293395675044, 0.978062678062678, 0.957482993197279, 
0.952628839146278, 0.960257159555815, 0.95441254651781, 0.945678416224046, 
0.9546818727491, 0.93327868852459, 0.956062291434928, 0.92984693877551, 
0.927551020408163, 0.92436974789916, 0.970756516211062, 0.926923076923077, 
0.942984693877551, 0.952989130434783, 0.933169533169533, 0.958928571428571, 
0.952725250278087, 0.959401709401709, 0.96460027100271, 0.905901116427432, 
0.964435774309724, 0.925925925925926, 0.931472822910579, 0.976501668520578, 
0.953003337041157, 0.953535943892461, 0.936882716049383, 0.936735778841042, 
0.930994897959184, 0.92797552836485, 0.929873772791024, 0.960260499734184, 
0.942847124824684, 0.961067853170189, 0.933046683046683, 0.937532535137949, 
0.952586206896552, 0.949429771908764, 0.931729699666296, 0.940163934426229, 
0.967855055523086, 0.923019207683073, 0.936586791350088, 0.890655737704918, 
0.946305156831473, 0.962741087083577, 0.943734643734644, 0.966694078947368, 
0.954971369078605, 0.955088987764182, 0.917166866746699, 0.933454545454545, 
0.932563959955506, 0.96875, 0.98469387755102, 0.94479977753059, 
0.968442932728647, 0.929573348918761, 0.919021739130435, 0.916401780038144, 
0.96477937267411, 0.957574180114524, 0.937228260869565, 0.933967391304348, 
