structure(c(0.961584633853542, 0.934837889383344, 0.889245014245014, 
0.957744565217391, 0.986929922135706, 0.93623112961999, 0.941045606229144, 
0.963471654003507, 0.976275510204082, 0.921195652173913, 0.943478260869565, 
0.92660072878709, 0.991847826086957, 0.942321178120617, 0.982478632478633, 
0.981521739130435, 0.967602040816327, 0.955506117908788, 0.982254949299855, 
0.979672131147541, 0.95388091440723, 0.967044905842588, 0.995108695652174, 
0.948005698005698, 0.89293659621802, 0.96412680756396, 0.931818181818182, 
0.936601307189542, 0.941475409836065, 0.952202202202202, 0.972969023962595, 
0.980835380835381, 0.957248157248157, 0.926495726495726, 0.957735247208931, 
0.935761957730812, 0.943519000520562, 0.953971962616822, 0.967798913043478, 
0.94593804792519, 0.927565124933546, 0.948979591836735, 0.953281423804227, 
0.966666666666667, 0.954475308641975, 0.95679347826087, 0.932385874246339, 
0.981129619989589, 0.961425061425061, 0.935573770491803, 0.962407862407862, 
0.918626827717737, 0.9743623112962, 0.976157082748948, 0.925675675675676, 
0.974107142857143, 0.93968968968969, 0.989710789766407, 0.978940217391304, 
0.905612244897959, 0.952952952952953, 0.946296296296296, 0.949666295884316, 
0.983493397358944, 0.967562828755114, 0.967092092092092, 0.95679347826087, 
0.93491847826087, 0.947447447447447, 0.923505434782609, 0.963431590656285, 
0.959033613445378, 0.979977753058954, 0.988603156049094, 0.977490996398559, 
0.952684742158426, 0.980867346938776, 0.948433048433048, 0.96538261322228, 
0.964945652173913, 0.972097097097097, 0.917592051431911, 0.930612244897959, 
0.962519936204147, 0.974691358024691, 0.955434782608696, 0.963951067152525, 
0.950500556173526, 0.936002337814144, 0.933636363636364, 0.920797720797721, 
0.951928696668615, 0.964285714285714, 0.973407364114553, 0.957264957264957, 
0.972663699936427, 0.925937698664971, 0.957730812013348, 0.977518427518428, 
0.993239980685659, 0.945078031212485, 0.953115066751431, 0.904320987654321, 
0.960190217391304, 0.984705228031146, 0.939354502863092, 0.952447163515017, 
0.946814728229106, 0.977168367346939, 0.929891304347826, 0.957336956521739, 
0.942087454450807, 0.99375, 0.940568022440393, 0.968233618233618, 
0.97758152173913, 0.965051020408163, 0.958843159065628, 0.982858522452921, 
0.977213114754098, 0.950558213716108, 0.956422018348624, 0.994565217391304, 
0.946866096866097, 0.912541713014461, 0.964265850945495, 0.93022113022113, 
0.949455337690632, 0.939016393442623, 0.939814814814815, 0.966832261835184, 
0.982309582309582, 0.945085995085995, 0.93988603988604, 0.972620946305157, 
0.917964404894327, 0.946382092660073, 0.942172897196262, 0.98070652173913, 
0.94593804792519, 0.920388091440723, 0.963385354141657, 0.942714126807564, 
0.952136752136752, 0.975, 0.952853260869565, 0.933031869078381, 
0.992972410203019, 0.962407862407862, 0.92, 0.96019656019656, 
0.898601398601399, 0.970067673086934, 0.955820476858345, 0.916916916916917, 
0.975892857142857, 0.953203203203203, 0.989710789766407, 0.976494565217391, 
0.903661464585834, 0.940315315315315, 0.963271604938271, 0.952447163515017, 
0.982593037214886, 0.981443600233781, 0.968218218218218, 0.961413043478261, 
0.948641304347826, 0.947322322322322, 0.9375, 0.962597330367075, 
0.955132052821129, 0.980812013348165, 0.98947983635301, 0.963085234093637, 
0.952286018075492, 0.978826530612245, 0.94985754985755, 0.966684018740239, 
0.96508152173913, 0.972222222222222, 0.918907071887785, 0.924617346938775, 
0.961855396065922, 0.972376543209877, 0.971059782608696, 0.963951067152525, 
0.976501668520578, 0.953535943892461, 0.935636363636364, 0.907977207977208, 
0.947545295149036, 0.962755102040816, 0.985973115137347, 0.957407407407407, 
0.97361729179911, 0.932930705657978, 0.956340378197998, 0.954422604422605, 
0.990825688073395, 0.945978391356543, 0.973935155753338, 0.905508072174739, 
0.95570652173913, 0.984983314794216, 0.93492972410203, 0.938264738598443, 
0.960257159555815, 0.97640306122449, 0.934782608695652, 0.957201086956522, 
0.953669963560645, 0.994021739130435, 0.946353436185133, 0.966524216524216, 
0.967391304347826, 0.955357142857143, 0.958286985539488, 0.985272815065186, 
0.980327868852459, 0.95441254651781, 0.957508450024143, 0.993614130434783, 
0.962678062678063, 0.895022246941046, 0.9646829810901, 0.933415233415233, 
0.950653594771242, 0.944754098360656, 0.951951951951952, 0.972530683810637, 
0.983783783783784, 0.944471744471744, 0.924074074074074, 0.97488038277512, 
0.934093437152392, 0.962129099427382, 0.932710280373832, 0.964402173913043, 
0.944330800701344, 0.926236044657097, 0.969537815126051, 0.939516129032258, 
0.967663817663818, 0.966666666666667, 0.960597826086957, 0.950689061154177, 
0.980999479437793, 0.957985257985258, 0.931639344262295, 0.95945945945946, 
0.922759059122696, 0.972930765226445, 0.978260869565217, 0.916541541541542, 
0.972321428571429, 0.925425425425425, 0.989710789766407, 0.980027173913044, 
0.92061824729892, 0.941066066066066, 0.94320987654321, 0.950778642936596, 
0.951680672268908, 0.969462302746932, 0.967217217217217, 0.955842391304348, 
0.934646739130435, 0.922422422422422, 0.936277173913043, 0.965378197997775, 
0.959333733493397, 0.982480533926585, 0.986703682057276, 0.963535414165666, 
0.952551834130781, 0.980867346938776, 0.947008547008547, 0.967074440395627, 
0.978396739130435, 0.971471471471472, 0.917153711279953, 0.898214285714286, 
0.962918660287081, 0.968518518518518, 0.970652173913043, 0.9647319104633, 
0.974833147942158, 0.953389830508475, 0.913818181818182, 0.923076923076923, 
0.94812974868498, 0.963392857142857, 0.972092343658679, 0.959116809116809, 
0.974570883661793, 0.931182453909727, 0.969966629588432, 0.969410319410319, 
0.991308546595847, 0.959183673469388, 0.939923712650985, 0.91488603988604, 
0.957744565217391, 0.982758620689655, 0.932587194169703, 0.949110122358176, 
0.964056107539451, 0.978188775510204, 0.948505434782609, 0.958423913043478, 
0.951587714731911, 0.994565217391304, 0.945827489481066, 0.966381766381766, 
0.969157608695652, 0.953698979591837, 0.958008898776418, 0.985755673587639, 
0.98, 0.953083466241361, 0.956301303718011, 0.995380434782609, 
0.956837606837607, 0.91170745272525, 0.966073414905451, 0.919041769041769, 
0.941285403050109, 0.954098360655738, 0.9496996996997, 0.968731735827002, 
0.980835380835381, 0.94004914004914, 0.942735042735043, 0.987772461456672, 
0.933259176863181, 0.944299843831338, 0.930373831775701, 0.965489130434783, 
0.943892460549386, 0.926501860712387, 0.967136854741897, 0.929505005561735, 
0.967806267806268, 0.956172839506173, 0.935869565217391, 0.935185185185185, 
0.981259760541385, 0.962162162162162, 0.933770491803279, 0.960933660933661, 
0.918626827717737, 0.970458094742322, 0.980014025245442, 0.928053053053053, 
0.985714285714286, 0.953953953953954, 0.989710789766407, 0.982608695652174, 
0.905912364945978, 0.939439439439439, 0.961728395061728, 0.948553948832036, 
0.982593037214886, 0.968001168907072, 0.967842842842843, 0.957201086956522, 
0.934782608695652, 0.94456956956957, 0.925407608695652, 0.96440489432703, 
0.957983193277311, 0.981090100111235, 0.987434248977206, 0.978091236494598, 
0.952418926103137, 0.980612244897959, 0.945584045584046, 0.970718375845914, 
0.952173913043478, 0.974974974974975, 0.913939216832262, 0.935459183673469, 
0.962652844231792, 0.970987654320988, 0.959103260869565, 0.962909942738157, 
0.976501668520578, 0.952367036820573, 0.932181818181818, 0.907977207977208, 
0.948714202220923, 0.952933673469388, 0.987726475745178, 0.955555555555556, 
0.953591862682772, 0.927844882390337, 0.960650723025584, 0.957002457002457, 
0.991067117334621, 0.943577430972389, 0.95184361093452, 0.91286799620133, 
0.970380434782609, 0.969827586206897, 0.940655908381052, 0.935761957730812, 
0.960111046171829, 0.975255102040816, 0.93179347826087, 0.958423913043478, 
0.954320666319625, 0.992663043478261, 0.943723702664797, 0.965811965811966, 
0.968070652173913, 0.965051020408163, 0.958843159065629, 0.969217769193626, 
