structure(c(0.9290198, 0.9396552, 0.9058957, 0.9310207, 0.9070652, 
0.9527311, 0.9203466, 0.9924917, 0.9570356, 0.9548469, 0.8684043, 
0.9557522, 0.9378505, 0.9060624, 0.9137427, 0.9528177, 0.9066952, 
0.9299844, 0.9592895, 0.9714886, 0.9547912, 0.9955774, 0.9078195, 
0.9040984, 0.8869898, 0.9573137, 0.8887298, 0.9579832, 0.9497299, 
0.8937711, 0.923913, 0.9690051, 0.8816477, 0.9491071, 0.8823693, 
0.9599649, 0.9792663, 0.9102564, 0.9840561, 0.9383292, 0.8981967, 
0.9470109, 0.9442998, 0.9311224, 0.9391447, 0.9375695, 0.9432587, 
0.9621495, 0.9315051, 0.9437669, 0.9071128, 0.9473684, 0.9586895, 
0.9614567, 0.9308954, 0.9708009, 0.9082908, 0.9250556, 0.9787037, 
0.9348765, 0.9837337, 0.8801402, 0.9171669, 0.9566327, 0.9293478, 
0.934249, 0.9702446, 0.904212, 0.9662037, 0.9604033, 0.9732143, 
0.8795853, 0.9128086, 0.871142, 0.8840378, 0.9731767, 0.9173442, 
0.9633854, 0.9440559, 0.9521368, 0.9514904, 0.9498937, 0.942377, 
0.9764765, 0.9060712, 0.8858974, 0.8804227, 0.9399474, 0.937037, 
0.9479292, 0.8937322, 0.9450614, 0.9089744, 0.9255506, 0.9330247, 
0.972973, 0.8887298, 0.9658095, 0.9421196, 0.8802836, 0.9502656, 
0.9555061, 0.9026077, 0.9314195, 0.9228261, 0.9540816, 0.9394587, 
0.9922136, 0.9666296, 0.9389031, 0.8876351, 0.9528891, 0.9376168, 
0.9039616, 0.8977937, 0.9512228, 0.915717, 0.9280323, 0.9489188, 
0.9734394, 0.9493857, 0.9960688, 0.9281627, 0.9219672, 0.8871173, 
0.9596774, 0.8790994, 0.942377, 0.9560324, 0.9046354, 0.9252717, 
0.9556122, 0.8808167, 0.9354592, 0.8891824, 0.9599649, 0.9671717, 
0.9259259, 0.9880102, 0.930344, 0.8991803, 0.9434783, 0.9456012, 
0.9272959, 0.9597039, 0.9352058, 0.9293337, 0.9781542, 0.928699, 
0.9661247, 0.9047119, 0.9482988, 0.9603989, 0.9585327, 0.9602336, 
0.9723304, 0.9160714, 0.9217186, 0.9725309, 0.9354938, 0.9882382, 
0.9011682, 0.9159664, 0.9386255, 0.9224185, 0.9257744, 0.9543478, 
0.9047554, 0.9674383, 0.9604033, 0.9764031, 0.8904838, 0.9118827, 
0.8993827, 0.884733, 0.9730014, 0.9163279, 0.9636855, 0.9302289, 
0.9554131, 0.949737, 0.9540138, 0.942377, 0.9654655, 0.9081373, 
0.8951567, 0.8882091, 0.9270894, 0.9371914, 0.9288715, 0.8958689, 
0.9485681, 0.910114, 0.9136637, 0.9308642, 0.9627127, 0.8900312, 
0.9642022, 0.9396739, 0.8772247, 0.9529213, 0.9257508, 0.9199546, 
0.933546, 0.9324728, 0.9518307, 0.9183286, 0.9927697, 0.9705228, 
0.9445153, 0.8844565, 0.951848, 0.938785, 0.9054622, 0.9015152, 
0.9517544, 0.9178538, 0.9289433, 0.956752, 0.9743397, 0.9453317, 
0.9821867, 0.9303878, 0.9188525, 0.8883929, 0.961624, 0.8909422, 
0.9615846, 0.9486795, 0.8943747, 0.9251359, 0.9568878, 0.8945869, 
0.9404337, 0.8592881, 0.9595266, 0.9694312, 0.8938746, 0.9885204, 
0.9388206, 0.877541, 0.945788, 0.9448204, 0.9295918, 0.9383224, 
0.9367353, 0.9150182, 0.973715, 0.9558673, 0.9503726, 0.9059124, 
0.9338118, 0.9440171, 0.9593301, 0.9446607, 0.9738598, 0.9076531, 
0.9093437, 0.962037, 0.9384259, 0.9882382, 0.8718458, 0.9156663, 
0.9563325, 0.9264946, 0.9348334, 0.940625, 0.8994565, 0.9651235, 
0.9605494, 0.975, 0.8876927, 0.8972222, 0.8867284, 0.8807008, 
0.9758065, 0.9195461, 0.9620348, 0.9294342, 0.9534188, 0.9525132, 
0.952286, 0.9414766, 0.9774775, 0.9103624, 0.8934473, 0.894188, 
0.9519287, 0.9351852, 0.9312725, 0.8884615, 0.9319112, 0.8806268, 
0.9199199, 0.9256173, 0.9776026, 0.8978397, 0.9661017, 0.9264946, 
0.871941, 0.9558184, 0.9429922, 0.9099773, 0.9319511, 0.9233696, 
0.9510804, 0.9335233, 0.9927697, 0.9694105, 0.9417092, 0.8679275, 
0.9541905, 0.9483645, 0.9032113, 0.8995215, 0.9484317, 0.9180912, 
0.913847, 0.9471536, 0.972389, 0.9471744, 0.9931204, 0.9273681, 
0.9429508, 0.8813776, 0.9482759, 0.8956273, 0.9620348, 0.9527311, 
0.9042733, 0.9243207, 0.9589286, 0.8950617, 0.9521684, 0.8820912, 
0.9615722, 0.9803296, 0.9413105, 0.9864796, 0.9389435, 0.8931148, 
0.944837, 0.9567933, 0.9344388, 0.9566201, 0.9365962, 0.9173607, 
0.9759346, 0.9433673, 0.9471545, 0.9062125, 0.9482988, 0.9635328, 
0.9549442, 0.9438265, 0.9674638, 0.891199, 0.907119, 0.9723765, 
0.9373457, 0.9866116, 0.8918224, 0.9330732, 0.9513806, 0.9402174, 
0.9184687, 0.9649457, 0.9067935, 0.9665123, 0.9563121, 0.9755102, 
0.8753323, 0.9095679, 0.8912037, 0.8805617, 0.9737027, 0.9207317, 
0.962485, 0.9429434, 0.9381766, 0.9498831, 0.9516215, 0.9471789, 
0.9648398, 0.9040051, 0.8917379, 0.8927976, 0.9539743, 0.9364198, 
0.930072, 0.8988604, 0.9284044, 0.9111111, 0.9306807, 0.9030864, 
0.9637137, 0.8789693, 0.965225, 0.9283967, 0.8770857, 0.9512313, 
0.9549499, 0.9087302, 0.9193248, 0.9355978, 0.9539316, 0.9306743, 
0.9927697, 0.9691324, 0.9561224, 0.88541, 0.9531494, 0.9397196, 
0.9096639, 0.8993886, 0.9512228, 0.9138177, 0.9255596, 0.9593998, 
0.9744898, 0.9568796, 0.9955774, 0.911316, 0.94, 0.8677296, 0.935762, 
0.8949766, 0.9752401, 0.9545318, 0.9062047, 0.9255435, 0.9424745, 
0.8928063, 0.9418367, 0.8679088, 0.962595, 0.9811271, 0.9188034, 
0.9885204, 0.9271499, 0.8796721, 0.9436141, 0.957444, 0.9340561, 
0.9350329, 0.9349277, 0.9130661, 0.9724299, 0.9469388, 0.9447832, 
0.9038115, 0.9473684, 0.961396, 0.95521, 0.9321468, 0.9714961, 
0.9112245, 0.9207453, 0.9785494, 0.9364198, 0.9874875, 0.8795561, 
0.9305222, 0.9534814, 0.9172554, 0.9178843, 0.9391304, 0.9078804, 
0.966358, 0.9580655, 0.9809949, 0.8806486, 0.9091049, 0.9006173, 
0.8829255, 0.9754558, 0.9369919, 0.9621849, 0.9424666, 0.954416, 
0.9611338, 0.952286, 0.9396759, 0.9668418, 0.8916084, 0.8792023, 
0.9014182, 0.9370251, 0.9376543, 0.9363745, 0.9076923, 0.9322034, 
0.9094017, 0.9122873, 0.912963, 0.9727227, 0.8875586, 0.9656634, 
0.9415761, 0.8701335, 0.9536456, 0.9666296, 0.9098639, 0.9202552, 
0.9192935, 0.9536315, 0.929962, 0.9924917, 0.9691324, 0.9459184, 
0.8723776, 0.9541905, 0.9404206, 0.9069628, 0.895933, 0.9468368, 
0.9221273, 0.9267309, 0.9477052, 0.9731393, 0.9486486, 0.9938575, 
0.9280038, 0.9404918, 0.8933673, 0.9474416, 0.9042166, 0.9747899, 
0.9506303, 0.9019797, 0.9210598, 0.9563776, 0.8836657, 0.9354592, 
0.871802, 0.9437463, 0.9790005, 0.905698, 0.9887755, 0.9395577, 
0.8955738, 0.9403533, 0.9556221, 0.9196429, 0.9481908, 0.9377086, 
0.9315461, 0.9726636, 0.957398, 0.9508808, 0.9057623, 0.9492291, 
0.9461538, 0.9564062, 0.9335373, 0.9749722, 0.9094388, 0.9226919, 
0.9731481, 0.9348765, 0.9882382, 0.8889019, 0.9336735, 0.9528812, 
0.9407609, 0.9183226, 0.9603261, 0.9043478, 0.9649691, 0.9538282, 
0.9737245, 0.8787879, 0.9134259, 0.9015432, 0.8818131, 0.9726508, 
0.9381775, 0.9629352, 0.9407184, 0.9396011, 0.9479836, 0.9513557, 
0.9453782, 0.973974, 0.9281627, 0.8940171, 0.8890434, 0.9367329, 
0.9524691, 0.9291717, 0.8957265, 0.9295733, 0.9095442, 0.9194194, 
0.9180556, 0.9604605, 0.8866476, 0.9650789, 0.9259511, 0.8623471, 
0.9534042, 0.9593993, 0.914966, 0.9330144, 0.9326087, 0.9536315, 
0.9357787, 0.9924917, 0.9559232, 0.9538265, 0.9063891, 0.9549714, 
0.9403037, 0.9066627, 0.9116162, 0.9513557, 0.9154796, 0.9318064, 
0.9575243, 0.9732893, 0.9541769, 0.9963145, 0.932136, 0.9385246, 
0.8956633, 0.9566185, 0.8964081, 0.9758403, 0.9510804, 0.9040319, 
0.9235054, 0.957398, 0.8802232, 0.9424745, 0.8758343, 0.9444769, 
0.9790005, 0.925641, 0.9877551, 0.9406634, 0.8780328, 0.9459239, 
0.9450807, 0.9281888, 0.9638158, 0.93604, 0.9190526, 0.9728972, 
0.9452806, 0.9447832, 0.9192677, 0.9463052, 0.9603989, 0.9591972, 
0.9428532, 0.971218, 0.9232143, 0.9210234, 0.9746914, 0.9395062, 
0.9862362, 0.8827103, 0.9152161, 0.9387755, 0.9273098, 0.9383402, 
0.9379076, 0.9057065, 0.9631173, 0.9371712, 0.9792092, 0.8817119, 
0.9223765, 0.9018519, 0.8830645, 0.9744039, 0.9376694, 0.9614346, 
0.9426256, 0.9532764, 0.9490064, 0.9526847, 0.9434274, 0.9787287, 
0.8707883, 0.8883191, 0.8872358, 0.9557276, 0.9364198, 0.9269208, 
0.9229345, 0.9479836, 0.9074074, 0.9019019, 0.904321, 0.9723473, 
0.8775377, 0.9678551, 0.938587, 0.8744438, 0.9649928, 0.9567575, 
0.9174603, 0.9332802, 0.9230978, 0.952431, 0.9322175, 0.9930478, 
0.9655172, 0.9492347, 0.8866815, 0.9554919, 0.9389019, 0.9201681, 
0.8955343, 0.9553429, 0.9164292, 0.9245185, 0.9556487, 0.9689376, 
