structure(c(0.955506117908788, 0.924592391304348, 0.961277173913043, 
0.921395106715252, 0.933179012345679, 0.954081632653061, 0.96056741280583, 
0.975012071463061, 0.928303303303303, 0.950815217391304, 0.982472826086957, 
0.9875, 0.979930887825625, 0.960085085085085, 0.938820912124583, 
0.952457002457002, 0.962962962962963, 0.93341307814992, 0.941475409836066, 
0.887464387464387, 0.959260289210234, 0.920484122852681, 0.942849548112706, 
0.890895061728395, 0.930484693877551, 0.870620620620621, 0.951424501424501, 
0.933618233618234, 0.934423769507803, 0.958083083083083, 0.940625, 
0.938288920056101, 0.935204081632653, 0.967120181405896, 0.917792792792793, 
0.931980056980057, 0.933058058058058, 0.911846496106785, 0.954678362573099, 
0.965123456790123, 0.918196721311475, 0.966682761950748, 0.973139255702281, 
0.91003893214683, 0.957574180114524, 0.93322618351841, 0.90249433106576, 
0.896296296296296, 0.888271604938272, 0.986967577876669, 0.951168224299065, 
0.933372296902396, 0.911483253588517, 0.952551020408163, 0.903846153846154, 
0.95679347826087, 0.94896331738437, 0.968001168907072, 0.941043083900227, 
0.90625, 0.94097054563013, 0.912958843159066, 0.935185185185185, 
0.958996986655187, 0.946428571428571, 0.920952659263589, 0.966049382716049, 
0.969742990654206, 0.966999050332384, 0.94002849002849, 0.926065573770492, 
0.973646723646724, 0.974234693877551, 0.981231231231231, 0.985245901639344, 
0.938175270108043, 0.85249099639856, 0.951076076076076, 0.910956790123457, 
0.924819927971189, 0.958503798947984, 0.934438775510204, 0.952951490356517, 
0.978241296518607, 0.956201334816463, 0.965123456790123, 0.949592391304348, 
0.945906432748538, 0.957773232028054, 0.938194109126026, 0.948170731707317, 
0.961141304347826, 0.951380552220888, 0.952030033370412, 0.97991452991453, 
0.971424774056353, 0.929031165311653, 0.966339066339066, 0.946071071071071, 
0.929505005561735, 0.949249165739711, 0.918614130434783, 0.970516304347826, 
0.917881311816762, 0.94429012345679, 0.955229591836735, 0.958745445080687, 
0.963906325446644, 0.94507007007007, 0.957744565217391, 0.984239130434783, 
0.981657608695652, 0.965842636895269, 0.961461461461461, 0.942992213570634, 
0.947665847665848, 0.968468468468468, 0.948165869218501, 0.933934426229508, 
0.890788224121557, 0.96273637374861, 0.920223841749089, 0.944976076555024, 
0.936111111111111, 0.942474489795918, 0.876376376376376, 0.939031339031339, 
0.949002849002849, 0.938925570228091, 0.960835835835836, 0.944836956521739, 
0.913920056100982, 0.951658163265306, 0.9718820861678, 0.933808808808809, 
0.957502374169041, 0.941191191191191, 0.925611790878754, 0.963583200425306, 
0.964197530864198, 0.929672131147541, 0.95738773539353, 0.973739495798319, 
0.904477196885428, 0.959135866736075, 0.921390999415546, 0.907785336356765, 
0.916820987654321, 0.895524691358025, 0.9861729179911, 0.947897196261682, 
0.948568088836938, 0.915337586390218, 0.955612244897959, 0.908831908831909, 
0.959375, 0.960659223817119, 0.975745178258329, 0.940098261526833, 
0.939923469387755, 0.960647030420087, 0.915461624026696, 0.94994994994995, 
0.956521739130435, 0.957382953181273, 0.926066627703098, 0.967283950617284, 
0.973714953271028, 0.960588793922127, 0.941452991452992, 0.927868852459016, 
0.977492877492877, 0.967729591836735, 0.981856856856857, 0.984918032786885, 
0.960234093637455, 0.873049219687875, 0.955580580580581, 0.932407407407407, 
0.937875150060024, 0.958796025715956, 0.936607142857143, 0.951052016364699, 
0.965636254501801, 0.951473859844271, 0.959876543209877, 0.95883152173913, 
0.931286549707602, 0.947545295149036, 0.940608401738291, 0.960027100271003, 
0.964538043478261, 0.963085234093637, 0.969827586206897, 0.975498575498576, 
0.978203083466241, 0.930216802168022, 0.961425061425061, 0.949074074074074, 
0.936040044493882, 0.951056729699666, 0.926902173913043, 0.969157608695652, 
0.920353982300885, 0.936265432098765, 0.964795918367347, 0.96889640812077, 
0.974287783679382, 0.946196196196196, 0.950271739130435, 0.983152173913043, 
0.986413043478261, 0.972886762360447, 0.959834834834835, 0.9456340378198, 
0.946683046683047, 0.970595595595596, 0.939261031366295, 0.922786885245902, 
0.903371320037987, 0.959955506117909, 0.925429463820927, 0.94377990430622, 
0.931172839506173, 0.944642857142857, 0.896771771771772, 0.937321937321937, 
0.9502849002849, 0.941176470588235, 0.956206206206206, 0.944972826086957, 
0.921633941093969, 0.941454081632653, 0.968027210884354, 0.933308308308308, 
0.960944919278253, 0.943318318318318, 0.925055617352614, 0.960127591706539, 
0.96141975308642, 0.93655737704918, 0.967769193626268, 0.963835534213686, 
0.900723025583982, 0.962909942738157, 0.919783752191701, 0.916855631141345, 
0.896759259259259, 0.91712962962963, 0.986808645899555, 0.955257009345794, 
0.946230274693162, 0.919191919191919, 0.957780612244898, 0.905698005698006, 
0.961141304347826, 0.953349282296651, 0.975599064874343, 0.941043083900227, 
0.925892857142857, 0.96487204249155, 0.92825361512792, 0.943568568568569, 
0.960180800688765, 0.961584633853541, 0.923144360023378, 0.969135802469136, 
0.97464953271028, 0.965811965811966, 0.954843304843305, 0.92344262295082, 
0.98005698005698, 0.97359693877551, 0.982982982982983, 0.991475409836066, 
0.953331332533013, 0.888055222088836, 0.958833833833834, 0.942592592592593, 
0.927821128451381, 0.954558737580362, 0.935076530612245, 0.964932787843366, 
0.973889555822329, 0.950917686318131, 0.959876543209876, 0.954076086956522, 
0.949893673577884, 0.955143191116306, 0.937107677450507, 0.96070460704607, 
0.969701086956522, 0.962935174069628, 0.970800889877642, 0.978205128205128, 
0.967304625199362, 0.932079945799458, 0.969041769041769, 0.950950950950951, 
0.947163515016685, 0.954532814238042, 0.929619565217391, 0.970516304347826, 
0.919312857886517, 0.934413580246914, 0.960459183673469, 0.955231650182197, 
0.973804925156929, 0.93480980980981, 0.962635869565217, 0.985326086956522, 
0.986005434782609, 0.978335991493886, 0.959209209209209, 0.941462736373749, 
0.946928746928747, 0.972472472472472, 0.947501329080276, 0.913606557377049, 
0.898148148148148, 0.96579532814238, 0.935320145757418, 0.945773524720893, 
0.936882716049383, 0.949107142857143, 0.892517517517518, 0.942592592592593, 
0.944017094017094, 0.944027611044418, 0.954204204204204, 0.949728260869565, 
0.937762973352034, 0.936607142857143, 0.969047619047619, 0.933058058058058, 
0.954059829059829, 0.929304304304304, 0.918659621802002, 0.964912280701754, 
0.964197530864198, 0.934918032786885, 0.966320618058909, 0.970288115246098, 
0.917130144605117, 0.96056741280583, 0.926651081239041, 0.922524565381708, 
0.910339506172839, 0.900308641975309, 0.988715829624921, 0.95338785046729, 
0.94739918176505, 0.921185539606592, 0.961862244897959, 0.906695156695157, 
0.963586956521739, 0.959728867623604, 0.976329631794272, 0.943121693121693, 
0.93405612244898, 0.966320618058909, 0.923387096774194, 0.946321321321321, 
0.959750322858373, 0.957833133253301, 0.943600233781414, 0.973765432098765, 
0.978271028037383, 0.9667616334283, 0.957264957264957, 0.928688524590164, 
0.976068376068376, 0.974489795918367, 0.983858858858859, 0.98655737704918, 
0.956182472989196, 0.906062424969988, 0.96509009009009, 0.94212962962963, 
0.93172268907563, 0.958357685563998, 0.945408163265306, 0.959234365867914, 
0.976440576230492, 0.963987764182425, 0.960802469135802, 0.960733695652174, 
0.947900053163211, 0.950759789596727, 0.94543698696282, 0.958672086720867, 
0.970788043478261, 0.964135654261705, 0.962597330367075, 0.975356125356125, 
0.97434875066454, 0.930555555555556, 0.964864864864865, 0.950700700700701, 
0.94674638487208, 0.955088987764182, 0.915625, 0.974048913043478, 
0.91892243623113, 0.928395061728395, 0.95969387755102, 0.967855283706403, 
0.976581361661033, 0.946196196196196, 0.960190217391304, 0.985869565217391, 
0.983967391304348, 0.978601807549176, 0.95995995995996, 0.940628476084538, 
0.949262899262899, 0.968343343343343, 0.951488569909622, 0.92344262295082, 
