structure(c(0.875409836065574, 0.807424916573971, 0.842377260981912, 
0.863888888888889, 0.831932773109244, 0.864566929133858, 0.879602571595558, 
0.867378048780488, 0.863237639553429, 0.805925666199159, 0.84541203974284, 
0.878337041156841, 0.863237639553429, 0.87008547008547, 0.842917251051893, 
0.854918032786885, 0.885886840432295, 0.859508196721312, 0.81993006993007, 
0.850609756097561, 0.860294117647059, 0.881782945736434, 0.859247967479675, 
0.870819672131147, 0.813516260162602, 0.831120231772091, 0.883571099861942, 
0.916199158485273, 0.858851674641148, 0.884654471544715, 0.854464285714286, 
0.928632478632479, 0.828940217391304, 0.932539682539683, 0.84059829059829, 
0.898283534647171, 0.881674082313682, 0.839314194577352, 0.925813008130081, 
0.935856224430158, 0.816071428571429, 0.850892857142857, 0.888425925925926, 
0.873931623931624, 0.818518518518519, 0.86965811965812, 0.824162679425837, 
0.82364114552893, 0.787213114754098, 0.917174796747968, 0.857264957264957, 
0.896843950905903, 0.896853146853147, 0.872321428571429, 0.902717391304348, 
0.90166569257744, 0.830357142857143, 0.913425925925926, 0.893529695799131, 
0.857407407407408, 0.825356649792913, 0.817663043478261, 0.864432703003337, 
0.782142857142857, 0.869907407407407, 0.906698564593301, 0.854918032786885, 
0.900793650793651, 0.864496314496315, 0.863114754098361, 0.847578347578347, 
0.904483695652174, 0.878151260504202, 0.853571428571429, 0.863954227590591, 
0.854764638346728, 0.937962962962963, 0.910140268848627, 0.925462962962963, 
0.740546218487395, 0.89349276974416, 0.896191646191646, 0.896825396825397, 
0.861538461538462, 0.836937463471654, 0.906944444444444, 0.842137592137592, 
0.877363737486096, 0.843843843843844, 0.901377952755906, 0.916199158485273, 
0.898611111111111, 0.807533375715194, 0.891072358146799, 0.843700159489633, 
0.896759259259259, 0.894871794871795, 0.883035714285714, 0.835409836065574, 
0.905092592592593, 0.899508196721311, 0.798717948717949, 0.905684754521964, 
0.841203703703704, 0.836458995549905, 0.835629921259842, 0.841203703703704, 
0.884817671809257, 0.889182424916574, 0.827704918032787, 0.866890707188779, 
0.883559782608696, 0.889640812077043, 0.899159663865546, 0.801321138211382, 
0.879016393442623, 0.905610753945061, 0.850609756097561, 0.823933372296902, 
0.86711079943899, 0.882352941176471, 0.89744094488189, 0.867213114754098, 
0.894918032786885, 0.799016393442623, 0.835595950299126, 0.90970515970516, 
0.921747967479675, 0.885216033315981, 0.86672131147541, 0.861861861861862, 
0.917016806722689, 0.837320574162679, 0.927755905511811, 0.855842391304348, 
0.889705882352941, 0.881302521008403, 0.839314194577352, 0.955409836065574, 
0.952731092436975, 0.807261842790214, 0.857732732732733, 0.899016393442623, 
0.898611111111111, 0.836645236703682, 0.834033613445378, 0.851379489849037, 
0.863954227590591, 0.800813008130081, 0.875409836065574, 0.878205128205128, 
0.882905982905983, 0.896853146853147, 0.861486486486487, 0.890598290598291, 
0.90166569257744, 0.862653419053185, 0.876050420168067, 0.887100737100737, 
0.857407407407408, 0.818565910188315, 0.865629984051037, 0.878205128205128, 
0.872222222222222, 0.871951219512195, 0.934371523915462, 0.869907407407407, 
0.906545454545455, 0.869642857142857, 0.872720897615708, 0.829255596043727, 
0.884132086499123, 0.90672131147541, 0.853571428571429, 0.836134453781513, 
0.746898854961832, 0.932612841703751, 0.934918032786885, 0.911413043478261, 
0.762605042016807, 0.901373465809468, 0.874287749287749, 0.850363636363636, 
0.890756302521008, 0.844871794871795, 0.906944444444444, 0.870870870870871, 
0.860229047371161, 0.847578347578347, 0.889090909090909, 0.916199158485273, 
0.916083916083916, 0.861574074074074, 0.912819799777531, 0.804625199362041, 
0.890019071837254, 0.910140268848627, 0.895497136907861, 0.862394957983193, 
0.884146341463415, 0.868055555555556, 0.807424916573971, 0.891698473282443, 
0.841203703703704, 0.875409836065574, 0.835629921259842, 0.85812390414962, 
0.884817671809257, 0.875815217391304, 0.78015427769986, 0.861234705228031, 
0.883559782608696, 0.877678571428571, 0.899159663865546, 0.810819672131148, 
0.885886840432295, 0.891025641025641, 0.859508196721312, 0.811538461538462, 
0.858363636363636, 0.852991452991453, 0.868503937007874, 0.876753155680224, 
0.908134642356241, 0.78560076287349, 0.862616822429907, 0.887108262108262, 
0.937272727272727, 0.846954711087975, 0.88655462184874, 0.854464285714286, 
0.928632478632479, 0.856858054226475, 0.946646341463415, 0.854178842781999, 
0.921646535282899, 0.859243697478992, 0.851494565217391, 0.93674507310871, 
0.905311457174639, 0.826392503904217, 0.846437346437346, 0.872899159663866, 
0.898611111111111, 0.815166569257744, 0.86965811965812, 0.858928571428571, 
0.82364114552893, 0.787213114754098, 0.851311475409836, 0.878205128205128, 
0.896843950905903, 0.902777777777778, 0.864653826132223, 0.900210084033613, 
0.886324786324786, 0.836484983314794, 0.883839859731151, 0.930357142857143, 
0.842436974789916, 0.818565910188315, 0.857608695652174, 0.851494565217391, 
0.82146829810901, 0.871951219512195, 0.920108695652174, 0.862523839796567, 
0.879818181818182, 0.850892857142857, 0.880081300813008, 0.887100737100737, 
0.932905982905983, 0.900210084033613, 0.843093093093093, 0.858193277310924, 
0.765909090909091, 0.905610753945061, 0.916083916083916, 0.92008547008547, 
0.762605042016807, 0.923114754098361, 0.898481308411215, 0.869047619047619, 
0.897136177673875, 0.844871794871795, 0.913617886178862, 0.863392857142857, 
0.844565217391304, 0.847578347578347, 0.908730158730159, 0.916199158485273, 
0.926470588235294, 0.884259259259259, 0.89238042269188, 0.815896739130435, 
0.896759259259259, 0.867119565217391, 0.883035714285714, 0.835409836065574, 
0.909044715447154, 0.859821996185633, 0.807424916573971, 0.926765267175573, 
0.855689764780674, 0.859821996185633, 0.845238095238095, 0.853726362625139, 
0.884817671809257, 0.875815217391304, 0.767454545454545, 0.866890707188779, 
0.893935450286309, 0.863237639553429, 0.915277777777778, 0.826219512195122, 
0.879016393442623, 0.877100840336134, 0.875508130081301, 0.811538461538462, 
0.841339410939691, 0.875925925925926, 0.889802631578947, 0.859247967479675, 
0.882363253856942, 0.799016393442623, 0.866610333172381, 0.887108262108262, 
0.916199158485273, 0.878389154704944, 0.902777777777778, 0.878389154704944, 
0.913932146829811, 0.856858054226475, 0.937272727272727, 0.84059829059829, 
0.905092592592593, 0.874358974358974, 0.846954711087975, 0.950711382113821, 
0.974789915966387, 0.797321428571429, 0.864496314496315, 0.881754609027336, 
0.904411764705882, 0.849789915966387, 0.878151260504202, 0.87051015096304, 
0.840591226954863, 0.800813008130081, 0.859821996185633, 0.884872080088988, 
0.889705882352941, 0.920216147488875, 0.853571428571429, 0.911538461538462, 
0.907264957264957, 0.87008547008547, 0.898109243697479, 0.919457735247209, 
0.857407407407408, 0.826566951566952, 0.857608695652174, 0.864432703003337, 
0.82146829810901, 0.871951219512195, 0.913932146829811, 0.862523839796567, 
0.906545454545455, 0.871197489135683, 0.891818181818182, 0.874107142857143, 
0.938681868743048, 0.88858868404323, 0.843093093093093, 0.849537037037037, 
0.787593984962406, 0.937962962962963, 0.939446916719644, 0.905311457174639, 
0.775, 0.917016806722689, 0.902704007725736, 0.877090909090909, 
0.897136177673875, 0.858416130917592, 0.897136177673875, 0.863392857142857, 
0.852472089314194, 0.847578347578347, 0.901377952755906, 0.921747967479675, 
0.910819672131148, 0.875657510227937, 0.918067226890756, 0.827864293659622, 
0.890019071837254, 0.854465709728868, 0.883035714285714, 0.853703703703704, 
0.882407407407407, 0.88318499682136, 0.798717948717949, 0.905684754521964, 
0.847213114754098, 0.859821996185633, 0.854363636363636, 0.879602571595558, 
0.884817671809257, 0.889182424916574, 0.78015427769986, 0.874358974358974, 
0.904279279279279, 0.863237639553429, 0.899159663865546, 0.807636363636364, 
