structure(c(0.949944382647386, 0.946732627703636, 0.952169076751947, 
0.936268277177368, 0.931806350858928, 0.937274909963986, 0.932923169267707, 
0.951015004413063, 0.937532535137949, 0.954012345679012, 0.938924605493863, 
0.953019260801666, 0.959438775510204, 0.933518410286382, 0.951475849731664, 
0.954483695652174, 0.968633705475811, 0.933048433048433, 0.93886514719848, 
0.912415408641333, 0.942827130852341, 0.92640306122449, 0.91951566951567, 
0.94002849002849, 0.944301994301994, 0.938063063063063, 0.959821428571429, 
0.930835380835381, 0.983483483483483, 0.957508450024143, 0.965511760966306, 
0.957716049382716, 0.959121245828699, 0.951222753854333, 0.948323323323323, 
0.97371160853722, 0.977941176470588, 0.922364672364672, 0.946278511404562, 
0.957002457002457, 0.928670745272525, 0.92879847425302, 0.978086419753086, 
0.967304625199362, 0.96496106785317, 0.934573829531813, 0.883770491803279, 
0.935573770491803, 0.976388888888889, 0.949635606454971, 0.920919723551302, 
0.945788043478261, 0.946138211382114, 0.930911680911681, 0.960491803278689, 
0.982442977190876, 0.943257359924027, 0.958974358974359, 0.968500797448166, 
0.94004914004914, 0.915051020408163, 0.952130852340936, 0.976412776412776, 
0.960841613091759, 0.934609250398724, 0.977936879018118, 0.954013822434875, 
0.955484693877551, 0.986649713922441, 0.898601398601399, 0.965590590590591, 
0.974046354418155, 0.965233415233415, 0.939814814814815, 0.961005434782609, 
0.946683673469388, 0.966666666666667, 0.958357685563998, 0.948982835346472, 
0.952038043478261, 0.937204724409449, 0.978091236494598, 0.978091236494598, 
0.946885562530179, 0.90531212484994, 0.95969387755102, 0.952881152460984, 
0.963299585826047, 0.936936936936937, 0.966629588431591, 0.936427209154482, 
0.944132653061225, 0.941262419637639, 0.94262555626192, 0.960127591706539, 
0.929333680374805, 0.961228716060745, 0.931063685636856, 0.906230133502861, 
0.955555555555556, 0.952864293659622, 0.945352047860101, 0.956340378197998, 
0.936427209154482, 0.932847475273295, 0.940276110444178, 0.933223289315726, 
0.949029126213592, 0.932326913066111, 0.941049382716049, 0.940531852717709, 
0.954580947423217, 0.9625, 0.933518410286382, 0.946556350626118, 
0.956657608695652, 0.966640085061138, 0.931196581196581, 0.933760683760684, 
0.913196251952108, 0.944027611044418, 0.927423469387755, 0.922079772079772, 
0.953133903133903, 0.942022792022792, 0.937437437437437, 0.952040816326531, 
0.921621621621622, 0.982982982982983, 0.958112023177209, 0.964876033057851, 
0.959876543209877, 0.956896551724138, 0.948564593301435, 0.944444444444444, 
0.975923997917751, 0.980342136854742, 0.923504273504274, 0.958133253301321, 
0.96019656019656, 0.92686318131257, 0.926255562619199, 0.977932098765432, 
0.965045188729399, 0.967880978865406, 0.932172869147659, 0.891639344262295, 
0.932295081967213, 0.977314814814815, 0.949375325351379, 0.922115895800106, 
0.948913043478261, 0.949864498644986, 0.922649572649573, 0.959180327868852, 
0.984093637454982, 0.937559354226021, 0.963105413105413, 0.966108452950558, 
0.938820638820639, 0.918877551020408, 0.948829531812725, 0.975061425061425, 
0.962887200467563, 0.935406698564593, 0.978813559322034, 0.956140350877193, 
0.954974489795918, 0.986490781945327, 0.898442466624285, 0.967967967967968, 
0.972839208112023, 0.964864864864865, 0.944907407407407, 0.967391304347826, 
0.948979591836735, 0.963247863247863, 0.964640561075395, 0.948347107438017, 
0.954755434782609, 0.934055118110236, 0.980492196878752, 0.97734093637455, 
0.945195557701593, 0.901860744297719, 0.961224489795918, 0.951830732292917, 
0.959618039576622, 0.94019019019019, 0.96496106785317, 0.94262555626192, 
0.944515306122449, 0.943892460549386, 0.940877304513668, 0.957469431153642, 
0.932457053617907, 0.959848136217211, 0.927337398373984, 0.918626827717737, 
0.955401234567901, 0.94813681868743, 0.94558214450069, 0.952169076751947, 
0.932136045772409, 0.937272254034357, 0.938625450180072, 0.924519807923169, 
0.948036187113857, 0.935059864653826, 0.950154320987654, 0.941992986557569, 
0.956923477355544, 0.960714285714286, 0.931472822910579, 0.950469588550984, 
0.953940217391304, 0.969962785752259, 0.919230769230769, 0.937084520417854, 
0.915668922436231, 0.947629051620648, 0.926530612244898, 0.933903133903134, 
0.941168091168091, 0.937891737891738, 0.938313313313313, 0.957780612244898, 
0.92027027027027, 0.981856856856857, 0.954369869628199, 0.963922441195168, 
0.959259259259259, 0.957313681868743, 0.945507708665603, 0.936936936936937, 
0.974882873503384, 0.980492196878752, 0.925498575498576, 0.947929171668668, 
0.957616707616708, 0.931034482758621, 0.92546090273363, 0.977006172839506, 
0.964380648591175, 0.96551724137931, 0.928271308523409, 0.899672131147541, 
0.936229508196721, 0.975617283950617, 0.953409682457054, 0.919856459330143, 
0.94429347826087, 0.947493224932249, 0.931481481481481, 0.959016393442623, 
0.983193277310924, 0.937203228869895, 0.963817663817664, 0.968367889420521, 
0.94041769041769, 0.919770408163265, 0.951380552220888, 0.981572481572482, 
0.958503798947984, 0.93886230728336, 0.979105786090006, 0.951621477937267, 
0.955994897959184, 0.986331849968214, 0.896217418944692, 0.966466466466467, 
0.97308063737325, 0.965724815724816, 0.939351851851852, 0.962228260869565, 
0.946938775510204, 0.962820512820513, 0.96478667445938, 0.952956134774317, 
0.956385869565217, 0.938779527559055, 0.978841536614646, 0.974189675870348, 
0.944712699179141, 0.903511404561825, 0.963137755102041, 0.952280912364946, 
0.95777726645191, 0.938063063063063, 0.965378197997775, 0.939605848696758, 
0.940816326530612, 0.940970192869667, 0.93928798474253, 0.961855396065922, 
0.937922956793337, 0.961919005982513, 0.924457994579946, 0.907819453273999, 
0.956481481481481, 0.951195773081201, 0.943856419696272, 0.955923248053393, 
0.934996821360458, 0.935840707964602, 0.945228091236495, 0.930822328931573, 
0.94991173874669, 0.942347735554399, 0.950925925925926, 0.939216832261835, 
0.958875585632483, 0.962627551020408, 0.922267679719462, 0.949575134168157, 
0.954076086956522, 0.967304625199362, 0.927635327635328, 0.937559354226021, 
0.924388339406559, 0.945828331332533, 0.930229591836735, 0.925783475783476, 
0.950712250712251, 0.930911680911681, 0.939564564564564, 0.958035714285714, 
0.926781326781327, 0.980605605605606, 0.958474167069049, 0.959949141767324, 
0.955555555555556, 0.954949944382647, 0.948830409356725, 0.948073073073073, 
0.973841749089016, 0.975840336134454, 0.927350427350427, 0.956932773109244, 
0.95945945945946, 0.92797552836485, 0.928480610298792, 0.977160493827161, 
0.965975544922913, 0.964543937708565, 0.933823529411765, 0.905409836065574, 
0.931639344262295, 0.978240740740741, 0.949245184799584, 0.922115895800106, 
0.94375, 0.946646341463415, 0.924074074074074, 0.958852459016393, 
0.983343337334934, 0.931861348528015, 0.963532763532764, 0.969298245614035, 
0.95012285012285, 0.917984693877551, 0.950480192076831, 0.978624078624079, 
0.9593804792519, 0.931419457735247, 0.977352425482174, 0.952551834130781, 
0.954081632653061, 0.987921169739352, 0.900190718372537, 0.968468468468468, 
0.973684210526316, 0.95982800982801, 0.945833333333333, 0.963858695652174, 
0.948979591836735, 0.964529914529915, 0.957042665108124, 0.948029243483789, 
0.953125, 0.938188976377953, 0.978541416566627, 0.976440576230492, 
0.947489135683245, 0.902761104441777, 0.961862244897959, 0.952581032412965, 
0.963299585826047, 0.934434434434434, 0.96579532814238, 0.940082644628099, 
0.944515306122449, 0.942723553477499, 0.943102352193261, 0.961323763955343, 
0.93427902134305, 0.961113667740451, 0.924627371273713, 0.910839160839161, 
0.953395061728395, 0.950500556173526, 0.948228255867464, 0.953142380422692, 
0.936745073108709, 0.940005205622072, 0.93922569027611, 0.933673469387755, 
0.947263901147396, 0.937662675689745, 0.949537037037037, 0.942431326709527, 
0.958224882873503, 0.961862244897959, 0.937171244886032, 0.951140429338104, 
