structure(c(0.800271739130435, 0.779016393442623, 0.925, 0.884872080088988, 
0.904483695652174, 0.871127995324372, 0.911111111111111, 0.891311475409836, 
0.918614845119813, 0.852991452991453, 0.876753155680224, 0.915071770334928, 
0.900892857142857, 0.888211382113821, 0.861111111111111, 0.899920255183413, 
0.857357357357357, 0.831932773109244, 0.857608695652174, 0.895788043478261, 
0.793650793650794, 0.815384615384615, 0.784899888765295, 0.759992987377279, 
0.84744094488189, 0.855691056910569, 0.913109756097561, 0.924263674614306, 
0.880187025131502, 0.843293070565798, 0.864566929133858, 0.813113604488078, 
0.938008130081301, 0.847146739130435, 0.86672131147541, 0.911538461538462, 
0.852614015572859, 0.851557533375715, 0.900793650793651, 0.803571428571429, 
0.938008130081301, 0.800699300699301, 0.839160839160839, 0.880163043478261, 
0.838963963963964, 0.881754609027336, 0.828632478632479, 0.895788043478261, 
0.921747967479675, 0.832700175336061, 0.869287469287469, 0.904411764705882, 
0.936752136752137, 0.889566929133858, 0.807142857142857, 0.873053392658509, 
0.847689075630252, 0.823553948832036, 0.905117609663064, 0.821428571428572, 
0.886324786324786, 0.890756302521008, 0.906545454545455, 0.792408231368187, 
0.844723458359822, 0.843293070565798, 0.814874342489772, 0.892857142857143, 
0.875657510227937, 0.854465709728868, 0.888719512195122, 0.847687400318979, 
0.839016393442623, 0.887179487179487, 0.843700159489633, 0.796233703524867, 
0.889640812077043, 0.921239837398374, 0.788097886540601, 0.923606557377049, 
0.899888765294772, 0.777850078084331, 0.913865546218487, 0.837037037037037, 
0.911111111111111, 0.865740740740741, 0.83718487394958, 0.85425937698665, 
0.903361344537815, 0.793395675043834, 0.808963763509218, 0.87008547008547, 
0.799095022624434, 0.891148325358852, 0.936360448807854, 0.891440217391304, 
0.83502860775588, 0.849145299145299, 0.802129688493325, 0.843993325917686, 
0.943114754098361, 0.891025641025641, 0.871467391304348, 0.875815217391304, 
0.890277777777778, 0.853260869565217, 0.832983193277311, 0.976, 
0.912698412698413, 0.860190217391304, 0.843468468468468, 0.870363636363636, 
0.895299145299145, 0.875925925925926, 0.865740740740741, 0.842880978865406, 
0.897803114571746, 0.836921850079745, 0.909621802002225, 0.862237237237237, 
0.833708708708709, 0.861111111111111, 0.877100840336134, 0.834459459459459, 
0.875815217391304, 0.887818181818182, 0.867213114754098, 0.919241912119749, 
0.882478632478633, 0.860122358175751, 0.906687590535973, 0.828781512605042, 
0.89238042269188, 0.919444444444444, 0.880382775119617, 0.850840336134454, 
0.889090909090909, 0.845693779904306, 0.926545454545455, 0.92671809256662, 
0.923931623931624, 0.903606557377049, 0.840898116851762, 0.891148325358852, 
0.899920255183413, 0.828205128205128, 0.840882524839275, 0.912819799777531, 
0.837229690239626, 0.91437755698422, 0.815458796025716, 0.916239316239316, 
0.900925925925926, 0.821546052631579, 0.932612841703751, 0.86718293395675, 
0.797925189947399, 0.875365283459965, 0.898611111111111, 0.828462887200468, 
0.871443089430894, 0.821178120617111, 0.903818181818182, 0.852991452991453, 
0.806018518518519, 0.774918032786885, 0.820378151260504, 0.877363737486096, 
0.869907407407407, 0.873214285714286, 0.917417417417417, 0.830896376350922, 
0.825492689129053, 0.877849002849003, 0.808963763509218, 0.909646739130435, 
0.849649327878434, 0.943981481481481, 0.864432703003337, 0.900491400491401, 
0.84079532814238, 0.884872080088988, 0.837037037037037, 0.880252100840336, 
0.862771739130435, 0.877363737486096, 0.901373465809468, 0.930672268907563, 
0.871311475409836, 0.865740740740741, 0.834459459459459, 0.869855394883204, 
0.855409836065574, 0.793687901811806, 0.87989479836353, 0.913078149920255, 
0.915409836065574, 0.946646341463415, 0.857608695652174, 0.841891891891892, 
0.835185185185185, 0.848913043478261, 0.867119565217391, 0.845119812974868, 
0.833288043478261, 0.933796296296296, 0.884872080088988, 0.87008547008547, 
0.885504201680672, 0.880785413744741, 0.874920534011443, 0.817145862552595, 
0.849145299145299, 0.939016393442623, 0.736727272727273, 0.875815217391304, 
0.89744094488189, 0.846363636363636, 0.847213114754098, 0.934609250398724, 
0.912819799777531, 0.932612841703751, 0.82364114552893, 0.842268752876208, 
0.969230769230769, 0.896690767519466, 0.87989479836353, 0.859243697478992, 
0.886752136752137, 0.892882187938289, 0.910140268848627, 0.830357142857143, 
0.847146739130435, 0.861965811965812, 0.928632478632479, 0.790181818181818, 
0.86711079943899, 0.858423913043478, 0.81827731092437, 0.894444444444444, 
0.83287037037037, 0.909646739130435, 0.866363636363636, 0.865811965811966, 
0.881302521008403, 0.890427769985975, 0.873053392658509, 0.83718487394958, 
0.882352941176471, 0.897803114571746, 0.847636363636364, 0.900135869565217, 
0.89349276974416, 0.821360457724094, 0.922690217391304, 0.855689764780674, 
0.772328548644338, 0.922852133255406, 0.819600280504909, 0.927777777777778, 
0.811665607120153, 0.937962962962963, 0.816203703703704, 0.83287037037037, 
0.919444444444444, 0.91170745272525, 0.891025641025641, 0.877090909090909, 
0.926545454545455, 0.907818181818182, 0.763719512195122, 0.826363636363636, 
0.91712962962963, 0.909259259259259, 0.886752136752137, 0.887213114754098, 
0.86062412342216, 0.871420222092344, 0.878205128205128, 0.862363636363636, 
0.866085372201978, 0.771008403361344, 0.894151303242212, 0.910432495616598, 
0.805672268907563, 0.841339410939691, 0.83502860775588, 0.863313008130081, 
0.907065217391304, 0.884251968503937, 0.873710073710074, 0.900135869565217, 
0.928948832035595, 0.828976640711902, 0.89238042269188, 0.959459459459459, 
0.891311475409836, 0.915760869565217, 0.901260504201681, 0.911538461538462, 
0.845588235294118, 0.851311475409836, 0.869041769041769, 0.873015873015873, 
0.858423913043478, 0.86019656019656, 0.916239316239316, 0.761111111111111, 
0.793342391304348, 0.891049240681086, 0.824592391304348, 0.86672131147541, 
0.844723458359822, 0.889182424916574, 0.849941554646406, 0.907692307692308, 
0.878389154704944, 0.884817671809257, 0.898648648648649, 0.836134453781513, 
0.874048913043478, 0.797997457088366, 0.863078541374474, 0.910140268848627, 
0.858928571428571, 0.929910998092816, 0.91281512605042, 0.930357142857143, 
0.784539473684211, 0.882407407407407, 0.891311475409836, 0.917016806722689, 
0.902113459399333, 0.901081239041496, 0.815126050420168, 0.86344537815126, 
0.874358974358974, 0.856924360400445, 0.81140350877193, 0.900318979266348, 
0.824666295884316, 0.910545454545455, 0.901377952755906, 0.899016393442623, 
0.89260666277031, 0.900135869565217, 0.81140350877193, 0.850609756097561, 
0.925750834260289, 0.861538461538462, 0.892784552845528, 0.82035595105673, 
0.915277777777778, 0.886607142857143, 0.863078541374474, 0.819016393442623, 
0.865811965811966, 0.793067226890756, 0.950462962962963, 0.800813008130081, 
0.873931623931624, 0.919444444444444, 0.820536179073399, 0.855042016806723, 
0.894144144144144, 0.871311475409836, 0.830363636363636, 0.954776422764228, 
0.859821996185633, 0.855182926829268, 0.935409836065574, 0.835185185185185, 
0.910203019260802, 0.923818897637795, 0.848303670745272, 0.867592592592593, 
0.857608695652174, 0.842987804878049, 0.969827586206897, 0.783787541713014, 
0.875657510227937, 0.851501668520578, 0.817857142857143, 0.909621802002225, 
0.828703703703704, 0.891440217391304, 0.90241576605213, 0.903361344537815, 
0.912698412698413, 0.898283534647171, 0.915966386554622, 0.884259259259259, 
0.874048913043478, 0.795238095238095, 0.877906976744186, 0.886752136752137, 
0.813095994914177, 0.913109756097561, 0.889673913043478, 0.902991452991453, 
0.861538461538462, 0.861538461538462, 0.930672268907563, 0.932612841703751, 
0.883114754098361, 0.943381180223286, 0.894151303242212, 0.85609243697479, 
0.900925925925926, 0.938681868743048, 0.863425925925926, 0.847222222222222, 
0.804878048780488, 0.880081300813008, 0.895497136907861, 0.862361192285213, 
